7 26
0 0.25 4 1 0 0 0
0 0 0 1 0 0 0
-2 1 0 0.912344 0.169784 0.366653 0.0660818
0 0.75 0 1 0 0 0
0.5 0.75 0 1 0 0 0
0.35 0 0 1 0 0 0
0.7 0 0 1 0 0 0
-0.5 0.75 0 1 0 0 0
-0.35 0 0 1 0 0 0
-0.7 0 0 1 0 0 0
0.25 -0.75 0 1 0 0 0
0 -1 0 1 0 0 0
-0.25 -0.75 0 1 0 0 0
0 -1 0 1 0 0 0
2 1 0 1 0 0 0
0 0.75 0 1 0 0 0
0.5 0.75 0 1 0 0 0
0.35 0 0 1 0 0 0
0.7 0 0 1 0 0 0
-0.5 0.75 0 1 0 0 0
-0.35 0 0 1 0 0 0
-0.7 0 0 1 0 0 0
0.25 -0.75 0 1 0 0 0
0 -1 0 1 0 0 0
-0.25 -0.75 0 1 0 0 0
0 -1 0 1 0 0 0
0 0.25 4 1 0 0 0
0 0 0 1 0 0 0
-2 1 0 0.74787 0.34591 0.546571 0.149319
0 0.75 0 1 0 0 0
0.5 0.75 0 1 0 0 0
0.35 0 0 1 0 0 0
0.7 0 0 1 0 0 0
-0.5 0.75 0 1 0 0 0
-0.35 0 0 1 0 0 0
-0.7 0 0 1 0 0 0
0.25 -0.75 0 1 0 0 0
0 -1 0 1 0 0 0
-0.25 -0.75 0 1 0 0 0
0 -1 0 1 0 0 0
2 1 0 1 0 0 0
0 0.75 0 1 0 0 0
0.5 0.75 0 1 0 0 0
0.35 0 0 1 0 0 0
0.7 0 0 1 0 0 0
-0.5 0.75 0 1 0 0 0
-0.35 0 0 1 0 0 0
-0.7 0 0 1 0 0 0
0.25 -0.75 0 1 0 0 0
0 -1 0 1 0 0 0
-0.25 -0.75 0 1 0 0 0
0 -1 0 1 0 0 0
0 0.25 4 1 0 0 0
0 0 0 1 0 0 0
-1.71549 0.727594 0 0.74787 0.34591 0.546571 0.149319
0 0.75 0 1 0 0 0
0.5 0.75 0 1 0 0 0
0.35 0 0 1 0 0 0
0.7 0 0 1 0 0 0
-0.5 0.75 0 1 0 0 0
-0.35 0 0 1 0 0 0
-0.7 0 0 1 0 0 0
0.25 -0.75 0 1 0 0 0
0 -1 0 1 0 0 0
-0.25 -0.75 0 1 0 0 0
0 -1 0 1 0 0 0
2 1 0 1 0 0 0
0 0.75 0 1 0 0 0
0.5 0.75 0 1 0 0 0
0.35 0 0 1 0 0 0
0.7 0 0 1 0 0 0
-0.5 0.75 0 1 0 0 0
-0.35 0 0 1 0 0 0
-0.7 0 0 1 0 0 0
0.25 -0.75 0 1 0 0 0
0 -1 0 1 0 0 0
-0.25 -0.75 0 1 0 0 0
0 -1 0 1 0 0 0
0 0.25 4 1 0 0 0
0 0 0 1 0 0 0
-1.1283 0.406759 0 0.74787 0.34591 0.546571 0.149319
0 0.75 0 1 0 0 0
0.5 0.75 0 1 0 0 0
0.35 0 0 1 0 0 0
0.7 0 0 1 0 0 0
-0.5 0.75 0 1 0 0 0
-0.35 0 0 1 0 0 0
-0.7 0 0 1 0 0 0
0.25 -0.75 0 1 0 0 0
0 -1 0 1 0 0 0
-0.25 -0.75 0 1 0 0 0
0 -1 0 1 0 0 0
2 1 0 1 0 0 0
0 0.75 0 1 0 0 0
0.5 0.75 0 1 0 0 0
0.35 0 0 1 0 0 0
0.7 0 0 1 0 0 0
-0.5 0.75 0 1 0 0 0
-0.35 0 0 1 0 0 0
-0.7 0 0 1 0 0 0
0.25 -0.75 0 1 0 0 0
0 -1 0 1 0 0 0
-0.25 -0.75 0 1 0 0 0
0 -1 0 1 0 0 0
0 0.25 4 1 0 0 0
0 0 0 1 0 0 0
-0.377668 0.521775 0 0.74787 0.34591 0.546571 0.149319
0 0.75 0 1 0 0 0
0.5 0.75 0 1 0 0 0
0.35 0 0 1 0 0 0
0.7 0 0 1 0 0 0
-0.5 0.75 0 1 0 0 0
-0.35 0 0 1 0 0 0
-0.7 0 0 1 0 0 0
0.25 -0.75 0 1 0 0 0
0 -1 0 1 0 0 0
-0.25 -0.75 0 1 0 0 0
0 -1 0 1 0 0 0
2 1 0 1 0 0 0
0 0.75 0 1 0 0 0
0.5 0.75 0 1 0 0 0
0.35 0 0 1 0 0 0
0.7 0 0 1 0 0 0
-0.5 0.75 0 1 0 0 0
-0.35 0 0 1 0 0 0
-0.7 0 0 1 0 0 0
0.25 -0.75 0 1 0 0 0
0 -1 0 1 0 0 0
-0.25 -0.75 0 1 0 0 0
0 -1 0 1 0 0 0
0 0.25 4 1 0 0 0
0 0 0 1 0 0 0
0.270053 0.769968 0 0.74787 0.34591 0.546571 0.149319
0 0.75 0 1 0 0 0
0.5 0.75 0 1 0 0 0
0.35 0 0 1 0 0 0
0.7 0 0 1 0 0 0
-0.5 0.75 0 1 0 0 0
-0.35 0 0 1 0 0 0
-0.7 0 0 1 0 0 0
0.25 -0.75 0 1 0 0 0
0 -1 0 1 0 0 0
-0.25 -0.75 0 1 0 0 0
0 -1 0 1 0 0 0
2 1 0 1 0 0 0
0 0.75 0 1 0 0 0
0.5 0.75 0 1 0 0 0
0.35 0 0 1 0 0 0
0.7 0 0 1 0 0 0
-0.5 0.75 0 1 0 0 0
-0.35 0 0 1 0 0 0
-0.7 0 0 1 0 0 0
0.25 -0.75 0 1 0 0 0
0 -1 0 1 0 0 0
-0.25 -0.75 0 1 0 0 0
0 -1 0 1 0 0 0
0 0.25 4 1 0 0 0
0 0 0 1 0 0 0
0.270053 0.769968 0 0.898759 0.178141 0.380797 0.124465
0 0.75 0 1 0 0 0
0.5 0.75 0 1 0 0 0
0.35 0 0 1 0 0 0
0.7 0 0 1 0 0 0
-0.5 0.75 0 1 0 0 0
-0.35 0 0 1 0 0 0
-0.7 0 0 1 0 0 0
0.25 -0.75 0 1 0 0 0
0 -1 0 1 0 0 0
-0.25 -0.75 0 1 0 0 0
0 -1 0 1 0 0 0
2 1 0 1 0 0 0
0 0.75 0 1 0 0 0
0.5 0.75 0 1 0 0 0
0.35 0 0 1 0 0 0
0.7 0 0 1 0 0 0
-0.5 0.75 0 1 0 0 0
-0.35 0 0 1 0 0 0
-0.7 0 0 1 0 0 0
0.25 -0.75 0 1 0 0 0
0 -1 0 1 0 0 0
-0.25 -0.75 0 1 0 0 0
0 -1 0 1 0 0 0
